50
10
0 383 886 777 915 793 335 386 492 649 421 362 27 690 59 763 926 540 426 172 736 211 368 567 429 782 530 862 123 67 135 929 802 22 58 69 167 393 456 11 42 229 373 421 919 784 537 198 324 315 
383 0 370 413 526 91 980 956 873 862 170 996 281 305 925 84 327 336 505 846 729 313 857 124 895 582 545 814 367 434 364 43 750 87 808 276 178 788 584 403 651 754 399 932 60 676 368 739 12 226 
886 370 0 586 94 539 795 570 434 378 467 601 97 902 317 492 652 756 301 280 286 441 865 689 444 619 440 729 31 117 97 771 481 675 709 927 567 856 497 353 586 965 306 683 219 624 528 871 732 829 
777 413 586 0 503 19 270 368 708 715 340 149 796 723 618 245 846 451 921 555 379 488 764 228 841 350 193 500 34 764 124 914 987 856 743 491 227 365 859 936 432 551 437 228 275 407 474 121 858 395 
915 526 94 503 0 29 237 235 793 818 428 143 11 928 529 776 404 443 763 613 538 606 840 904 818 128 688 369 917 917 996 324 743 470 183 490 499 772 725 644 590 505 139 954 786 669 82 542 464 197 
793 91 539 19 29 0 507 355 804 348 611 622 828 299 343 746 568 340 422 311 810 605 801 661 730 878 305 320 736 444 626 522 465 708 416 282 258 924 637 62 624 600 36 452 899 379 550 468 71 973 
335 980 795 270 237 507 0 131 881 930 933 894 660 163 199 981 899 996 959 773 813 668 190 95 926 466 84 340 90 684 376 542 936 107 445 756 179 418 887 412 348 172 659 9 336 210 342 587 206 301 
386 956 570 368 235 355 131 0 713 372 321 255 819 599 721 904 939 811 940 667 705 228 127 150 984 658 920 224 422 269 396 81 630 84 292 972 672 850 625 385 222 299 640 42 898 713 298 190 524 590 
492 873 434 708 793 804 881 713 0 209 581 819 336 732 155 994 4 379 769 273 776 850 255 860 142 579 884 993 205 621 567 504 613 961 754 326 259 944 202 202 506 784 21 842 868 528 189 872 908 958 
649 862 378 715 818 348 930 372 209 0 498 36 808 753 248 303 333 133 648 890 754 567 746 368 529 500 46 788 797 249 990 303 33 363 497 253 892 686 125 152 996 975 188 157 729 436 460 414 921 460 
421 170 467 340 428 611 933 321 581 498 0 304 28 27 50 748 556 902 794 697 699 43 39 2 428 403 500 681 647 538 159 151 535 134 339 692 215 127 504 629 49 964 285 429 343 335 177 900 238 971 
362 996 601 149 143 622 894 255 819 36 304 0 949 289 367 988 292 795 743 144 829 390 682 340 541 569 826 232 261 42 360 117 23 761 81 309 190 425 996 367 677 234 690 626 524 57 614 168 205 358 
27 281 97 796 11 828 660 819 336 808 28 949 0 312 386 100 346 726 994 916 552 578 529 946 290 647 970 51 80 631 593 857 627 312 886 214 355 512 90 412 479 610 969 189 274 355 641 620 433 987 
690 305 902 723 928 299 163 599 732 753 27 289 312 0 888 338 566 770 284 856 417 606 260 849 237 205 59 217 518 945 783 873 458 873 637 289 483 607 478 757 314 471 729 100 459 618 438 25 388 74 
59 925 317 618 529 343 199 721 155 248 50 367 386 888 0 233 157 681 493 358 270 699 417 839 569 363 622 794 173 847 431 462 682 390 292 791 57 115 521 157 574 491 947 951 231 21 537 740 54 30 
763 84 492 245 776 746 981 904 994 303 748 988 100 338 233 0 98 325 81 516 516 2 231 139 796 404 338 580 218 21 970 862 812 379 977 685 536 904 176 483 207 759 857 744 499 911 127 950 236 560 
926 327 652 846 404 568 899 939 4 333 556 292 346 566 157 98 0 818 105 563 49 244 711 805 934 291 375 955 614 589 768 993 918 805 882 822 982 717 30 93 574 126 593 486 253 543 74 814 713 179 
540 336 756 451 443 340 996 811 379 133 902 795 726 770 681 325 818 0 377 762 775 88 919 710 732 294 17 346 235 137 691 153 943 573 328 925 291 710 18 217 836 963 55 90 858 130 904 571 661 633 
426 505 301 921 763 422 959 940 769 648 794 743 994 284 493 81 105 377 0 685 789 73 604 851 805 250 868 503 485 6 195 639 949 120 967 226 763 677 596 981 865 560 36 955 770 518 211 342 532 196 
172 846 280 555 613 311 773 667 273 890 697 144 916 856 358 516 563 762 685 0 379 321 270 984 172 427 234 40 283 72 398 830 63 347 950 30 573 714 59 522 47 924 82 435 232 204 954 443 898 486 
736 729 286 379 538 810 813 705 776 754 699 829 552 417 270 516 49 775 789 379 0 640 278 159 262 262 683 41 848 723 324 272 122 154 335 821 457 365 747 171 776 269 218 701 703 653 933 907 959 728 
211 313 441 488 606 605 668 228 850 567 43 390 578 606 699 2 244 88 73 321 640 0 806 797 720 84 308 334 698 991 376 898 715 52 171 189 559 506 10 16 224 109 539 0 378 109 53 81 114 338 
368 857 865 764 840 801 190 127 255 746 39 682 529 260 417 231 711 919 604 270 278 806 0 989 426 67 147 223 787 231 532 122 281 875 850 179 590 254 350 131 813 857 494 181 81 603 720 433 982 181 
567 124 689 228 904 661 95 150 860 368 2 340 946 849 839 139 805 710 851 984 159 797 989 0 487 415 296 825 404 722 892 551 297 32 134 181 506 415 57 708 595 999 962 297 483 776 154 977 309 587 
429 895 444 841 818 730 926 984 142 529 428 541 290 237 569 796 934 732 805 172 262 720 426 487 0 932 382 21 266 563 860 682 211 685 86 285 930 990 583 314 476 116 820 892 525 528 839 525 490 136 
782 582 619 350 128 878 466 658 579 500 403 569 647 205 363 404 291 294 250 427 262 84 67 415 932 0 360 618 643 337 928 582 621 310 955 888 225 815 570 437 853 8 722 783 350 657 97 827 126 269 
530 545 440 193 688 305 84 920 884 46 500 826 970 59 622 338 375 17 868 234 683 308 147 296 382 360 0 71 651 149 910 528 639 398 888 610 393 577 890 976 199 552 931 87 777 99 657 566 952 17 
862 814 729 500 369 320 340 224 993 788 681 232 51 217 794 580 955 346 503 40 41 334 223 825 21 618 71 0 641 735 368 298 184 195 776 805 266 428 954 528 308 593 278 197 555 672 774 445 0 325 
123 367 31 34 917 736 90 422 205 797 647 261 80 518 173 218 614 235 485 283 848 698 787 404 266 643 651 641 0 997 283 412 127 382 421 693 334 439 334 421 159 985 957 354 761 762 972 541 716 852 
67 434 117 764 917 444 684 269 621 249 538 42 631 945 847 21 589 137 6 72 723 991 231 722 563 337 149 735 997 0 850 662 482 399 217 154 173 15 506 851 364 790 263 491 172 37 537 859 828 871 
135 364 97 124 996 626 376 396 567 990 159 360 593 783 431 970 768 691 195 398 324 376 532 892 860 928 910 368 283 850 0 280 987 856 590 341 970 352 665 511 69 517 361 83 351 112 300 506 638 667 
929 43 771 914 324 522 542 81 504 303 151 117 857 873 462 862 993 153 639 830 272 898 122 551 682 582 528 298 412 662 280 0 364 489 32 154 104 875 679 141 412 538 969 636 170 956 844 760 649 814 
802 750 481 987 743 465 936 630 613 33 535 23 627 458 682 812 918 943 949 63 122 715 281 297 211 621 639 184 127 482 987 364 0 465 314 326 886 183 39 969 535 152 621 393 790 289 109 631 673 264 
22 87 675 856 470 708 107 84 961 363 134 761 312 873 390 379 805 573 120 347 154 52 875 32 685 310 398 195 382 399 856 489 465 0 735 548 295 877 313 833 198 949 355 155 793 468 156 960 933 823 
58 808 709 743 183 416 445 292 754 497 339 81 886 637 292 977 882 328 967 950 335 171 850 134 86 955 888 776 421 217 590 32 314 735 0 286 171 358 677 140 245 181 761 990 323 50 100 954 75 364 
69 276 927 491 490 282 756 972 326 253 692 309 214 289 791 685 822 925 226 30 821 189 179 181 285 888 610 805 693 154 341 154 326 548 286 0 42 624 659 919 289 844 469 238 551 976 383 19 133 343 
167 178 567 227 499 258 179 672 259 892 215 190 355 483 57 536 982 291 763 573 457 559 590 506 930 225 393 266 334 173 970 104 886 295 171 42 0 304 956 981 475 666 11 967 912 192 729 902 868 131 
393 788 856 365 772 924 418 850 944 686 127 425 512 607 115 904 717 710 677 714 365 506 254 415 990 815 577 428 439 15 352 875 183 877 358 624 304 0 2 174 207 718 216 183 377 487 472 573 957 62 
456 584 497 859 725 637 887 625 202 125 504 996 90 478 521 176 30 18 596 59 747 10 350 57 583 570 890 954 334 506 665 679 39 313 677 659 956 2 0 125 933 797 496 418 141 153 726 474 980 393 
11 403 353 936 644 62 412 385 202 152 629 367 412 757 157 483 93 217 981 522 171 16 131 708 314 437 976 528 421 851 511 141 969 833 140 919 981 174 125 0 485 948 305 30 29 559 898 160 562 424 
42 651 586 432 590 624 348 222 506 996 49 677 479 314 574 207 574 836 865 47 776 224 813 595 476 853 199 308 159 364 69 412 535 198 245 289 475 207 933 485 0 719 280 641 902 10 480 726 583 789 
229 754 965 551 505 600 172 299 784 975 964 234 610 471 491 759 126 963 560 924 269 109 857 999 116 8 552 593 985 790 517 538 152 949 181 844 666 718 797 948 719 0 140 708 723 938 557 493 431 710 
373 399 306 437 139 36 659 640 21 188 285 690 969 729 947 857 593 55 36 82 218 539 494 962 820 722 931 278 957 263 361 969 621 355 761 469 11 216 496 305 280 140 0 220 905 690 613 391 638 270 
421 932 683 228 954 452 9 42 842 157 429 626 189 100 951 744 486 90 955 435 701 0 181 297 892 783 87 197 354 491 83 636 393 155 990 238 967 183 418 30 641 708 220 0 421 667 829 671 180 743 
919 60 219 275 786 899 336 898 868 729 343 524 274 459 231 499 253 858 770 232 703 378 81 483 525 350 777 555 761 172 351 170 790 793 323 551 912 377 141 29 902 723 905 421 0 95 899 24 88 154 
784 676 624 407 669 379 210 713 528 436 335 57 355 618 21 911 543 130 518 204 653 109 603 776 528 657 99 672 762 37 112 956 289 468 50 976 192 487 153 559 10 938 690 667 95 0 386 569 232 969 
537 368 528 474 82 550 342 298 189 460 177 614 641 438 537 127 74 904 211 954 933 53 720 154 839 97 657 774 972 537 300 844 109 156 100 383 729 472 726 898 480 557 613 829 899 386 0 710 373 30 
198 739 871 121 542 468 587 190 872 414 900 168 620 25 740 950 814 571 342 443 907 81 433 977 525 827 566 445 541 859 506 760 631 960 954 19 902 573 474 160 726 493 391 671 24 569 710 0 433 663 
324 12 732 858 464 71 206 524 908 921 238 205 433 388 54 236 713 661 532 898 959 114 982 309 490 126 952 0 716 828 638 649 673 933 75 133 868 957 980 562 583 431 638 180 88 232 373 433 0 587 
315 226 829 395 197 973 301 590 958 460 971 358 987 74 30 560 179 633 196 486 728 338 181 587 136 269 17 325 852 871 667 814 264 823 364 343 131 62 393 424 789 710 270 743 154 969 30 663 587 0 
 
50
50
50
50
50
50
50
50
50
50
50
50
50
50
50
50
50
50
50
50
50
50
50
50
50
50
50
50
50
50
50
50
50
50
50
50
50
50
50
50
50
50
50
50
50
50
50
50
50
50
7
